39
0
2
0 0 
0
2
1 1 
0
9
2 3 4 5 6 7 8 9 2 
0
9
10 11 12 13 14 15 16 17 10 
0
5
18 19 20 21 22 
0
5
23 24 25 26 27 
0
5
18 28 29 30 22 
0
5
23 31 32 33 27 
0
5
34 35 36 37 38 
0
5
39 40 41 42 43 
0
3
44 45 46 
0
3
47 48 49 
0
6
50 51 52 53 54 55 
0
6
56 57 58 59 60 55 
0
6
61 62 63 64 65 55 
0
6
66 67 68 69 70 55 
0
6
71 72 73 74 75 76 
0
6
77 78 79 80 81 82 
0
4
71 83 84 76 
0
4
77 85 86 82 
0
7
87 88 89 90 91 92 93 
0
7
87 94 95 96 97 98 93 
0
7
87 99 100 101 102 103 93 
0
7
87 104 105 106 107 108 93 
0
3
109 110 111 
0
3
112 113 114 
0
7
109 115 116 117 118 119 111 
0
7
112 120 121 122 123 124 114 
0
11
111 125 126 127 128 129 130 131 132 133 114 
0
13
109 134 135 136 137 138 139 140 141 142 143 144 112 
0
13
145 146 147 148 149 150 151 152 153 154 155 156 157 
0
3
158 159 160 
0
3
161 162 163 
0
3
164 165 166 
0
3
167 168 169 
0
2
170 171 
0
2
172 173 
0
2
174 175 
0
3
176 177 178 
0